0.0 0.0 0.0 1.0 8.0 -4.5 -80.0 0.0 -0.5 -0.2 0.0 0.0 0.0 -0.7 0.0 0.0 -0.4 -0.2 0.0 0.0 -0.7 -0.2 -0.6 -0.6 -0.5 -0.9 -0.5 
0.0 0.0 0.0 1.0 8.0 -4.5 -65.6 0.0 -0.5 -0.2 0.0 0.0 0.0 -0.7 0.0 0.0 -0.4 -0.2 0.0 0.0 -0.7 -0.2 -0.6 -0.6 -0.5 -0.9 -0.5 
0.0 0.0 0.0 1.0 8.0 -4.5 -51.1 0.0 -0.5 -0.2 0.0 0.0 0.0 -0.7 0.0 0.0 -0.4 -0.2 0.0 0.0 -0.7 -0.2 -0.6 -0.6 -0.5 -0.9 -0.5 
0.0 0.0 0.0 1.0 8.0 -4.5 -36.7 0.0 -0.5 -0.2 0.0 0.0 0.0 -0.7 0.0 0.0 -0.4 -0.2 0.0 0.0 -0.7 -0.2 -0.6 -0.6 -0.5 -0.9 -0.5 
0.0 0.0 0.0 1.0 8.0 -4.5 -22.2 0.0 -0.5 -0.2 0.0 0.0 0.0 -0.7 0.0 0.0 -0.4 -0.2 0.0 0.0 -0.7 -0.2 -0.6 -0.6 -0.5 -0.9 -0.5 
0.0 0.0 0.0 1.0 8.0 -4.5 -7.8 0.0 -0.5 -0.2 0.0 0.0 0.0 -0.7 0.0 0.0 -0.4 -0.2 0.0 0.0 -0.7 -0.2 -0.6 -0.6 -0.5 -0.9 -0.5 
0.0 0.0 0.0 1.0 8.0 -4.5 6.7 0.0 -0.5 -0.2 0.0 0.0 0.0 -0.7 0.0 0.0 -0.4 -0.2 0.0 0.0 -0.7 -0.2 -0.6 -0.6 -0.5 -0.9 -0.5 
0.0 0.0 0.0 1.0 8.0 -4.5 21.1 0.0 -0.5 -0.2 0.0 0.0 0.0 -0.7 0.0 0.0 -0.4 -0.2 0.0 0.0 -0.7 -0.2 -0.6 -0.6 -0.5 -0.9 -0.5 
0.0 0.0 0.0 1.0 8.0 -4.5 35.6 0.0 -0.5 -0.2 0.0 0.0 0.0 -0.7 0.0 0.0 -0.4 -0.2 0.0 0.0 -0.7 -0.2 -0.6 -0.6 -0.5 -0.9 -0.5 
0.0 0.0 0.0 1.0 8.0 -4.5 50.0 0.0 -0.5 -0.2 0.0 0.0 0.0 -0.7 0.0 0.0 -0.4 -0.2 0.0 0.0 -0.7 -0.2 -0.6 -0.6 -0.5 -0.9 -0.5 
