0.0 0.0 0.0 1.0 8.0 -4.5 0.0 0.0 0.0 0.0 0.0 0.0 0.0 -0.7 0.0 0.0 -0.4 -0.2 0.0 0.0 -0.7 -0.2 25.0 0.0 -35.0 0.0 0.0 
0.0 0.0 0.0 1.0 8.0 -4.5 5.0 0.0 2.0 1.0 0.0 0.0 0.0 -0.7 0.0 0.0 -0.4 -0.2 0.0 0.0 -0.7 -0.2 25.0 2.0 -30.0 -2.5 -3.0 
0.0 0.0 0.0 1.0 8.0 -4.5 10.0 0.0 4.0 2.0 0.0 0.0 0.0 -0.7 0.0 0.0 -0.4 -0.2 0.0 0.0 -0.7 -0.2 25.0 4.0 -25.0 -5.0 -6.0 
0.0 0.0 0.0 1.0 8.0 -4.5 15.0 0.0 6.0 3.0 0.0 0.0 0.0 -0.7 0.0 0.0 -0.4 -0.2 0.0 0.0 -0.7 -0.2 25.0 6.0 -20.0 -7.5 -9.0 
0.0 0.0 0.0 1.0 8.0 -4.5 20.0 0.0 8.0 4.0 0.0 0.0 0.0 -0.7 0.0 0.0 -0.4 -0.2 0.0 0.0 -0.7 -0.2 25.0 8.0 -15.0 -10.0 -12.0 
0.0 0.0 0.0 1.0 8.0 -4.5 25.0 0.0 10.0 5.0 0.0 0.0 0.0 -0.7 0.0 0.0 -0.4 -0.2 0.0 0.0 -0.7 -0.2 25.0 10.0 -10.0 -12.5 -15.0 
0.0 0.0 0.0 1.0 8.0 -4.5 30.0 0.0 12.0 6.0 0.0 0.0 0.0 -0.7 0.0 0.0 -0.4 -0.2 0.0 0.0 -0.7 -0.2 25.0 12.0 -5.0 -15.0 -18.0 
0.0 0.0 0.0 1.0 8.0 -4.5 35.0 0.0 14.0 7.0 0.0 0.0 0.0 -0.7 0.0 0.0 -0.4 -0.2 0.0 0.0 -0.7 -0.2 25.0 14.0 0.0 -17.5 -21.0 
0.0 0.0 0.0 1.0 8.0 -4.5 40.0 0.0 16.0 8.0 0.0 0.0 0.0 -0.7 0.0 0.0 -0.4 -0.2 0.0 0.0 -0.7 -0.2 25.0 16.0 5.0 -20.0 -24.0 
0.0 0.0 0.0 1.0 8.0 -4.5 45.0 0.0 18.0 9.0 0.0 0.0 0.0 -0.7 0.0 0.0 -0.4 -0.2 0.0 0.0 -0.7 -0.2 25.0 18.0 10.0 -22.5 -27.0 
0.0 0.0 0.0 1.0 8.0 -4.5 50.0 0.0 20.0 10.0 0.0 0.0 0.0 -0.7 0.0 0.0 -0.4 -0.2 0.0 0.0 -0.7 -0.2 25.0 20.0 15.0 -25.0 -30.0 
