 1.0738 1.2678 -0.6329 0.6105 1.2190 -0.6336 0.4786 1.0899 -0.3579 0.3440 1.0069 -0.1046  0.1786 0.8428 0.0649 -0.0994 1.3770 -0.2282 -0.4611 1.3049 -0.1549  -0.7135 1.1891 -0.1354 -0.1808 1.3564 -0.4622 -0.5644 1.2523 -0.4011  -0.7495 1.0243 -0.3534 -0.2124 1.2880 -0.6992 -0.5196 1.1629 -0.6221  -0.6550 0.9423 -0.5596 -0.1387 1.1524 -0.8957 -0.3805 1.0696 -0.8458  -0.5053 0.9145 -0.8036
 1.0738 1.2678 -0.6329 0.6105 1.2190 -0.6336 0.4786 1.0899 -0.3579 0.3481 0.9985 -0.1054  0.1789 0.8238 0.0509 -0.0994 1.3770 -0.2282 -0.4530 1.2733 -0.1534  -0.6913 1.1296 -0.1335 -0.1808 1.3564 -0.4622 -0.5644 1.2523 -0.4011  -0.7495 1.0243 -0.3534 -0.2124 1.2880 -0.6992 -0.5196 1.1629 -0.6221  -0.6550 0.9423 -0.5596 -0.1387 1.1524 -0.8957 -0.3805 1.0696 -0.8458  -0.5053 0.9145 -0.8036
 1.0738 1.2678 -0.6329 0.6105 1.2190 -0.6336 0.4786 1.0899 -0.3579 0.3524 0.9901 -0.1064  0.1788 0.8069 0.0362 -0.0994 1.3770 -0.2282 -0.4422 1.2424 -0.1523  -0.6631 1.0726 -0.1327 -0.1808 1.3564 -0.4622 -0.5644 1.2523 -0.4011  -0.7495 1.0243 -0.3534 -0.2124 1.2880 -0.6992 -0.5196 1.1629 -0.6221  -0.6550 0.9423 -0.5596 -0.1387 1.1524 -0.8957 -0.3805 1.0696 -0.8458  -0.5053 0.9145 -0.8036
 1.0738 1.2678 -0.6329 0.6105 1.2190 -0.6336 0.4786 1.0899 -0.3579 0.3569 0.9818 -0.1076  0.1782 0.7922 0.0212 -0.0994 1.3770 -0.2282 -0.4287 1.2125 -0.1517  -0.6291 1.0190 -0.1330 -0.1808 1.3564 -0.4622 -0.5644 1.2523 -0.4011  -0.7495 1.0243 -0.3534 -0.2124 1.2880 -0.6992 -0.5196 1.1629 -0.6221  -0.6550 0.9423 -0.5596 -0.1387 1.1524 -0.8957 -0.3805 1.0696 -0.8458  -0.5053 0.9145 -0.8036
 1.0738 1.2678 -0.6329 0.6105 1.2190 -0.6336 0.4786 1.0899 -0.3579 0.3617 0.9737 -0.1089  0.1771 0.7798 0.0060 -0.0994 1.3770 -0.2282 -0.4128 1.1839 -0.1515  -0.5901 0.9694 -0.1342 -0.1808 1.3564 -0.4622 -0.5644 1.2523 -0.4011  -0.7495 1.0243 -0.3534 -0.2124 1.2880 -0.6992 -0.5196 1.1629 -0.6221  -0.6550 0.9423 -0.5596 -0.1387 1.1524 -0.8957 -0.3805 1.0696 -0.8458  -0.5053 0.9145 -0.8036
 1.0738 1.2678 -0.6329 0.6105 1.2190 -0.6336 0.4786 1.0899 -0.3579 0.3667 0.9659 -0.1104  0.1757 0.7696 -0.0089 -0.0994 1.3770 -0.2282 -0.3944 1.1567 -0.1518  -0.5462 0.9241 -0.1365 -0.1808 1.3564 -0.4622 -0.5644 1.2523 -0.4011  -0.7495 1.0243 -0.3534 -0.2124 1.2880 -0.6992 -0.5196 1.1629 -0.6221  -0.6550 0.9423 -0.5596 -0.1387 1.1524 -0.8957 -0.3805 1.0696 -0.8458  -0.5053 0.9145 -0.8036
 1.0738 1.2678 -0.6329 0.6105 1.2190 -0.6336 0.4787 1.0899 -0.3579 0.3719 0.9581 -0.1121  0.1739 0.7616 -0.0234 -0.0994 1.3770 -0.2282 -0.3738 1.1313 -0.1526  -0.4982 0.8838 -0.1398 -0.1808 1.3564 -0.4622 -0.5644 1.2523 -0.4011  -0.7495 1.0243 -0.3534 -0.2124 1.2880 -0.6992 -0.5196 1.1629 -0.6221  -0.6550 0.9423 -0.5596 -0.1387 1.1524 -0.8957 -0.3805 1.0696 -0.8458  -0.5053 0.9145 -0.8036
 1.0738 1.2678 -0.6329 0.6105 1.2190 -0.6336 0.4786 1.0899 -0.3579 0.3773 0.9506 -0.1140  0.1719 0.7557 -0.0371 -0.0994 1.3770 -0.2282 -0.3511 1.1078 -0.1537  -0.4465 0.8489 -0.1440 -0.1808 1.3564 -0.4622 -0.5644 1.2523 -0.4011  -0.7495 1.0243 -0.3534 -0.2124 1.2880 -0.6992 -0.5196 1.1629 -0.6221  -0.6550 0.9423 -0.5596 -0.1387 1.1524 -0.8957 -0.3805 1.0696 -0.8458  -0.5053 0.9145 -0.8036
 1.0738 1.2678 -0.6329 0.6105 1.2190 -0.6336 0.4787 1.0899 -0.3579 0.3830 0.9432 -0.1160  0.1698 0.7519 -0.0500 -0.0994 1.3770 -0.2282 -0.3264 1.0863 -0.1554  -0.3917 0.8196 -0.1491 -0.1808 1.3564 -0.4622 -0.5644 1.2523 -0.4011  -0.7495 1.0243 -0.3534 -0.2124 1.2880 -0.6992 -0.5196 1.1629 -0.6221  -0.6550 0.9423 -0.5596 -0.1387 1.1524 -0.8957 -0.3805 1.0696 -0.8458  -0.5053 0.9145 -0.8036
 1.0738 1.2678 -0.6329 0.6105 1.2190 -0.6336 0.4787 1.0899 -0.3579 0.3888 0.9361 -0.1183  0.1676 0.7501 -0.0616 -0.0994 1.3770 -0.2282 -0.2999 1.0669 -0.1574  -0.3344 0.7962 -0.1551 -0.1808 1.3564 -0.4622 -0.5644 1.2523 -0.4011  -0.7495 1.0243 -0.3534 -0.2124 1.2880 -0.6992 -0.5196 1.1629 -0.6221  -0.6550 0.9423 -0.5596 -0.1387 1.1524 -0.8957 -0.3805 1.0696 -0.8458  -0.5053 0.9145 -0.8036
 1.0738 1.2678 -0.6329 0.6105 1.2190 -0.6336 0.4786 1.0899 -0.3579 0.3948 0.9292 -0.1206  0.1655 0.7502 -0.0720 -0.0994 1.3770 -0.2282 -0.2720 1.0500 -0.1598  -0.2754 0.7791 -0.1618 -0.1808 1.3564 -0.4622 -0.5644 1.2523 -0.4011  -0.7495 1.0243 -0.3534 -0.2124 1.2880 -0.6992 -0.5196 1.1629 -0.6221  -0.6550 0.9423 -0.5596 -0.1387 1.1524 -0.8957 -0.3805 1.0696 -0.8458  -0.5053 0.9145 -0.8036
